episode,epsilon,score,average,avg_q_values
0.0,1.0,-208.0,-208.7045376575094,-3.6261773109436035
1.0,0.9858158423524046,-77.0,-143.3194148227252,-1.9660075902938843
2.0,0.9718328750329811,-225.0,-170.7506536654048,2.951399803161621
3.0,0.9580482443263975,-150.0,-165.6543802670851,1.634866714477539
4.0,0.9444591369948698,-166.0,-165.84471963631947,3.0189759731292725
5.0,0.9310627797040227,-129.0,-159.79321688875362,4.626728057861328
6.0,0.9178564384568926,-83.0,-148.82652569356603,1.7059992551803589
7.0,0.9048374180359595,-137.0,-147.46014401578557,7.237517356872559
8.0,0.8920030614530944,-260.0,-159.99409534518037,7.336503505706787
9.0,0.879350749407306,-7.0,-144.70919530758192,9.35110855102539
10.0,0.8668778997501816,-91.0,-139.83714753576692,7.094277858734131
11.0,0.8545819669589086,-90.0,-135.76667160676715,22.270790100097656
12.0,0.8424604416167714,-137.0,-135.87270887770435,6.943688869476318
13.0,0.8305108499010163,-97.0,-133.14459776725147,4.724323749542236
14.0,0.8187307530779818,-103.0,-131.17935982718603,11.569164276123047
15.0,0.8071177470053893,-204.0,-135.73313001536368,5.917022228240967
16.0,0.7956694616416928,-89.0,-132.98765123197109,27.301597595214844
17.0,0.7843835605623898,-78.0,-129.9858948001846,18.448974609375
18.0,0.7732577404831906,-29.0,-124.69085058012286,28.69081687927246
19.0,0.7622897307899537,-75.0,-122.2485596095614,25.589523315429688
20.0,0.751477293075286,-130.0,-122.62974915356737,42.75685501098633
21.0,0.7408182206817179,-63.0,-119.96097426222362,29.40836524963379
22.0,0.7303103382513573,-63.0,-117.50235008029878,34.4468994140625
23.0,0.7199515012819313,-88.0,-116.29675403168457,31.188587188720703
24.0,0.7097395956891255,-83.0,-115.00053158691833,62.64277267456055
25.0,0.6996725373751304,-89.0,-114.03409609747777,23.70113754272461
26.0,0.6897482718033084,-73.0,-112.54374135547909,44.16007614135742
27.0,0.6799647735788938,-56.0,-110.55403140086983,29.394824981689453
28.0,0.6703200460356393,-72.0,-109.25482334633892,67.02054595947266
29.0,0.6608121208283264,-140.0,-110.2935085605787,99.8187026977539
30.0,0.6514390575310556,-89.0,-109.62763748415166,47.07078170776367
31.0,0.6421989432412342,-75.0,-108.5506118382796,46.00679016113281
32.0,0.6330898921891813,-160.0,-110.1253941355762,48.39504623413086
33.0,0.6241100453532709,-127.0,-110.63022015900606,27.448068618774414
34.0,0.6152575700805322,-61.0,-109.21239212094328,48.79231262207031
35.0,0.6065306597126334,-67.0,-108.05510463918021,42.30158615112305
36.0,0.5979275332171694,-113.0,-108.18993677274166,83.80746459960938
37.0,0.5894464348241792,-97.0,-107.91707778139146,44.82954788208008
38.0,0.5810856336678201,-51.0,-106.47673250442318,65.08748626708984
39.0,0.5728434234331229,-184.0,-108.43654240549984,101.70635986328125
40.0,0.5647181220077593,-143.0,-109.2905629229845,180.52459716796875
41.0,0.5567080711387471,-70.0,-108.36723333770274,124.8232421875
42.0,0.5488116360940265,-92.0,-108.00504094804776,109.00944519042969
43.0,0.541027205328834,-83.0,-107.43718474221824,193.9771728515625
44.0,0.5333531901568119,-128.0,-107.90877399120892,184.68992614746094
45.0,0.5257880244257798,-435.0,-115.03225499575835,930.2803344726562
46.0,0.5183301641981067,-295.0,-118.87702904802342,618.525146484375
47.0,0.5109780874356169,-192.0,-120.41434229429565,544.3015747070312
48.0,0.5037302936889633,-504.0,-128.25632036408885,59.28826904296875
49.0,0.4965853037914095,-321.0,-132.11190341544307,1071.5120849609375
50.0,0.4895416595569531,-569.0,-140.68237803300607,169.87078857421875
51.0,0.48259792348273184,-349.0,-144.69854668097742,142.9703369140625
52.0,0.4757526784556506,-119.0,-144.22235959019218,185.66244506835938
53.0,0.4690045274631699,-401.0,-148.99406920748117,2536.84130859375
54.0,0.4623520933081963,-266.0,-151.12772103781177,1518.4727783203125
55.0,0.4557940183280172,-147.0,-151.06564508551196,400.0305480957031
56.0,0.44932896411722156,-170.0,-151.41410351213932,1157.69873046875
57.0,0.4429556112545522,-324.0,-154.4032584934254,2693.73876953125
58.0,0.4366726590336306,-203.0,-155.23577551739578,260.30426025390625
59.0,0.43047882519750297,-124.0,-154.73015764569405,1308.0574951171875
60.0,0.42437284567695,-216.0,-155.73917332306277,3191.076904296875
61.0,0.4183534743325094,-424.0,-160.06802491120092,3696.61083984375
62.0,0.4124194827001579,-260.0,-161.66082099176575,4458.1943359375
63.0,0.4065696597405991,-244.0,-162.96014051078126,3467.72314453125
64.0,0.40080281159210923,-268.0,-164.5883535686036,5283.92138671875
65.0,0.3951177613268873,-443.0,-168.81001579267706,4545.88232421875
66.0,0.3895133487108618,-281.0,-170.48462840998243,4776.50048828125
67.0,0.38398842996690413,-396.0,-173.81323682356185,4538.05615234375
68.0,0.37854187754140095,-296.0,-175.59568367068655,3317.327880859375
69.0,0.37317257987413693,-250.0,-176.66415654383476,6000.1298828125
70.0,0.36787944117144233,-282.0,-178.15553630464916,1945.8221435546875
71.0,0.3626613811825573,-340.0,-180.40863655941396,7083.986328125
72.0,0.35751733497916927,-606.0,-186.24446286429978,8927.80859375
73.0,0.3524462527380765,-583.0,-191.61528035253633,8512.814453125
74.0,0.3474470995269354,-425.0,-194.73777686666398,6713.08642578125
75.0,0.34251885509304564,-292.0,-196.02048099479916,5509.05810546875
76.0,0.337660513655132,-540.0,-200.49649992331237,9310.4775390625
77.0,0.33287108369807955,-378.0,-202.77734078423455,6729.93115234375
78.0,0.32814958777058006,-535.0,-206.99296208505606,9076.8603515625
79.0,0.3234950622856487,-645.0,-212.47689885871122,11373.3642578125
80.0,0.31890655732397044,-298.0,-213.5336116507219,6865.82373046875
81.0,0.3143831364400353,-318.0,-214.8149317551429,6744.5771484375
82.0,0.3099238764710244,-548.0,-218.8334461335418,8245.9326171875
83.0,0.3055278673484055,-354.0,-220.4490554914918,7425.33154296875
84.0,0.30119421191220214,-406.0,-222.6392925374871,7776.9921875
85.0,0.2969220257278962,-238.0,-222.82373596101988,6332.74169921875
86.0,0.2927104369059283,-495.0,-225.9613936505539,9295.1806640625
87.0,0.2885585859237581,-185.0,-225.49938868752778,6320.478515625
88.0,0.28446562545044835,-491.0,-228.48550281872085,10225.1923828125
89.0,0.2804307201737374,-379.0,-230.16405271700302,9001.1064453125
90.0,0.2764530466295643,-469.0,-232.78960446945518,10339.7890625
91.0,0.2725317930340126,-390.0,-234.4986096991059,9493.0048828125
92.0,0.26866615911763636,-298.0,-235.18180478474454,8152.99072265625
93.0,0.26485535596213783,-266.0,-235.51634440752088,8003.35205078125
94.0,0.2610986058393609,-335.0,-236.56872947676516,10737.8818359375
95.0,0.257395142052568,-521.0,-239.53223801060807,12217.8271484375
96.0,0.2537442087799692,-603.0,-243.28767965328885,13443.0234375
97.0,0.2501450609204698,-294.0,-243.80788160751894,7000.7197265625
98.0,0.2465969639416065,-473.0,-246.123777412015,11589.2939453125
99.0,0.2430991937296403,-377.0,-247.4353770296872,7071.634765625
100.0,0.2396510364417758,-471.0,-250.06364009106684,10598.9384765625
101.0,0.23625178836047603,-256.0,-251.84766002651693,9206.94921875
102.0,0.2329007557498447,-337.0,-252.96752203824408,5776.91259765625
103.0,0.22959725471404477,-198.0,-253.4479661080527,7361.125
104.0,0.22634061105772565,-512.0,-256.90764181213177,10543.1279296875
105.0,0.22313016014842982,-484.0,-260.46183528258604,10587.328125
106.0,0.2199652467809513,-442.0,-264.0574770269525,9360.109375
107.0,0.21684522504361808,-397.0,-266.6520011625606,9711.3564453125
108.0,0.21376945818647108,-490.0,-268.95053832925953,8839.3193359375
109.0,0.21073731849131314,-284.0,-271.7230276622462,5909.76611328125
110.0,0.20774818714360085,-379.0,-274.60305037170633,8629.55078125
111.0,0.20480145410615389,-499.0,-278.6912015758028,9967.2119140625
112.0,0.20189651799465538,-574.0,-283.06096608920706,10235.5
113.0,0.19903278595491863,-486.0,-286.95147155123,9500.4521484375
114.0,0.19620967354189398,-570.0,-291.6247054633489,12585.9765625
115.0,0.19342660460039254,-465.0,-294.2372368293972,7624.85107421875
116.0,0.19068301114750144,-370.0,-297.0506084506663,9422.453125
117.0,0.1879783332566671,-262.0,-298.88591620423654,9364.9697265625
118.0,0.18531201894342234,-512.0,-303.71726616577746,6719.578125
119.0,0.18268352405273466,-551.0,-308.47079618706084,9183.0556640625
120.0,0.1800923121479524,-502.0,-312.19496879016623,8929.4150390625
121.0,0.17753785440132586,-347.0,-315.03539168400755,10315.873046875
122.0,0.17501962948608163,-451.0,-318.9115391661572,6826.9345703125
123.0,0.17253712347002734,-671.0,-324.7382396797631,8370.1416015625
124.0,0.17008982971066583,-572.0,-329.6206371172349,15874.443359375
125.0,0.16767724875179707,-612.0,-334.8474233645925,6390.23046875
126.0,0.16529888822158653,-202.0,-336.1363818112047,9364.177734375
127.0,0.1629542627320793,-234.0,-337.9128955443481,9953.48828125
128.0,0.16064289378013982,-694.0,-344.12640341234436,8671.8427734375
129.0,0.15836430964979642,-572.0,-348.4521371036943,7309.55029296875
130.0,0.15611804531597107,-517.0,-352.7329737047064,7416.45751953125
131.0,0.1539036423495749,-676.0,-358.7420256891264,10627.5859375
132.0,0.15172064882394942,-446.0,-361.60621646311944,8146.1513671875
133.0,0.14956861922263506,-349.0,-363.8248942299041,5372.232421875
134.0,0.147447114348448,-681.0,-370.03180940350825,10818.1435546875
135.0,0.1453557012338466,-515.0,-374.50816355939355,11891.4453125
136.0,0.14329395305256898,-587.0,-379.2495758864477,11598.0849609375
137.0,0.14126144903252422,-500.0,-383.2806507296151,12202.7392578125
138.0,0.13925777436991912,-545.0,-388.2210142763267,14874.4072265625
139.0,0.13728252014460293,-491.0,-391.28910168986283,11673.3876953125
140.0,0.1353352832366127,-381.0,-393.6740214079376,12848.7705078125
141.0,0.1334156662439026,-593.0,-398.9007874599242,15858.7666015625
142.0,0.13152327740124015,-320.0,-401.17436558716366,12225.9921875
143.0,0.12965773050025253,-591.0,-406.2577545711936,16870.8515625
144.0,0.12781864481060753,-783.0,-412.80762149883884,11309.517578125
145.0,0.12600564500231182,-520.0,-413.6575763220233,19155.60546875
146.0,0.1242183610691121,-579.0,-416.49399490461036,20176.55078125
147.0,0.1224564282529819,-271.0,-417.2778108785596,6140.73974609375
148.0,0.12071948696968016,-469.0,-416.9240214080019,15898.0888671875
149.0,0.11900718273536538,-438.0,-418.09445029417094,16337.5009765625
150.0,0.11731916609425078,-499.0,-417.39417961873545,18744.404296875
151.0,0.11565509254728551,-632.0,-420.2239984332451,20552.228515625
152.0,0.11401462248184759,-594.0,-424.97669743665057,19467.146484375
153.0,0.11239742110243399,-549.0,-426.4514611891737,19477.9140625
154.0,0.11080315836233387,-219.0,-425.9875589798757,1483.9781494140625
155.0,0.10923150889627105,-664.0,-431.1526657173649,21446.73828125
156.0,0.10768215195400163,-284.0,-432.2923992508789,4735.2158203125
157.0,0.10615477133485376,-582.0,-434.87220060102237,16313.3857421875
158.0,0.10464905532319577,-326.0,-436.10181479400455,5611.173828125
159.0,0.10316469662481963,-330.0,-438.15904529887825,5923.63525390625
160.0,0.10170139230422684,-474.0,-440.7397923515987,10830.4658203125
161.0,0.10025884372280375,-945.0,-445.9568677315788,22531.642578125
162.0,0.09883675647787384,-424.0,-447.60236858161505,9199.6328125
163.0,0.09743484034261468,-1071.0,-455.87018542746006,24006.34375
164.0,0.09605280920682677,-382.0,-457.0024753398945,16464.5234375
165.0,0.09469038101854274,-703.0,-459.60538520691927,25837.896484375
166.0,0.09334727772646485,-449.0,-461.29240178852183,18404.927734375
167.0,0.09202322522321882,-291.0,-460.2389692107239,14738.716796875
168.0,0.09071795328941251,-823.0,-465.50432997631714,26249.751953125
169.0,0.0894311955384883,-874.0,-471.7427105347664,19843.078125
170.0,0.08816268936235745,-478.0,-473.70650952177596,18548.99609375
171.0,0.08691217587780577,-415.0,-474.45556616800224,16046.6884765625
172.0,0.08567939987365944,-288.0,-471.27422841876114,10483.3466796875
173.0,0.0844641097587001,-870.0,-474.1403967832533,17755.056640625
174.0,0.0832660575103189,-571.0,-475.59989694590183,16967.326171875
175.0,0.0820849986238988,-364.0,-476.32313433751114,10885.552734375
176.0,0.08092069206291477,-616.0,-477.0807428473825,16997.9140625
177.0,0.07977290020974187,-512.0,-478.42642303526037,13638.9814453125
178.0,0.078641388817161,-332.0,-476.39363572502884,9694.0908203125
179.0,0.07752592696055255,-435.0,-474.29565550791375,9805.693359375
180.0,0.07642628699076807,-483.0,-476.15265681459186,12686.1962890625
181.0,0.07534224448767067,-219.0,-475.163556419516,4742.56884765625
182.0,0.07427357821433388,-381.0,-473.4989083329267,10549.1826171875
183.0,0.07322007007189076,-584.0,-475.7952012041888,10168.57421875
184.0,0.07218150505502309,-752.0,-479.25121319987187,12458.66796875
185.0,0.07115767120808195,-437.0,-481.24185203977015,11932.3837890625
186.0,0.07014835958183076,-319.0,-479.4753184714261,7956.5263671875
187.0,0.06915336419080186,-1241.0,-490.0363700733585,11716.599609375
188.0,0.06817248197125796,-841.0,-493.5382929221919,13069.544921875
189.0,0.06720551273974976,-386.0,-493.6064263716305,9915.0966796875
190.0,0.06625225915226167,-601.0,-494.93387952207706,6956.83447265625
191.0,0.06531252666393665,-1116.0,-502.2009450896359,12159.83203125
192.0,0.0643861234893726,-486.0,-504.09047884547374,10405.4169921875
193.0,0.0634728605634818,-809.0,-509.51595256264153,10581.654296875
194.0,0.06257255150290554,-1168.0,-517.8444884183654,11200.615234375
195.0,0.061685012567976046,-643.0,-519.0652620869171,9442.693359375
196.0,0.06081006262521797,-801.0,-521.0377388429315,12338.6298828125
197.0,0.05994752311038171,-522.0,-523.3244799558593,11725.009765625
198.0,0.0590972179920012,-889.0,-527.4851448638698,11473.4345703125
199.0,0.058258973735468345,-3496.0,-558.6745816282694,15102.2333984375
200.0,0.05743261926761735,-588.0,-559.8434157811947,9462.9443359375
201.0,0.05661798594181114,-1197.0,-569.2579285863096,12457.4453125
202.0,0.05581490750352316,-6321.0,-629.0946996188616,22391.87109375
203.0,0.05502322005640723,-2012.0,-647.231802451666,9901.7421875
204.0,0.054242762028848826,-1537.0,-657.4857425353174,10379.099609375
205.0,0.05347337414099063,-1207.0,-664.7098919807922,9821.05859375
206.0,0.052714899372225954,-2123.0,-681.5166028028086,12759.962890625
207.0,0.05196718292915318,-1786.0,-695.4121908815716,10699.5439453125
208.0,0.051230072213984644,-1902.0,-709.5399078175484,11648.83203125
209.0,0.050503416793403796,-1942.0,-726.1169176489593,8086.0400390625
210.0,0.05,-3189.0,-754.2215540759948,11293.005859375
211.0,0.05,-3539.0,-784.6221484837654,11913.5654296875
212.0,0.05,-3023.0,-809.1161104556865,13568.5380859375
213.0,0.05,-3543.0,-839.6807081803978,11677.8955078125
214.0,0.05,-2001.0,-853.9820772548337,9595.2177734375
215.0,0.05,-521.0,-854.5423699262717,6830.685546875
216.0,0.05,-1987.0,-870.7176615755063,11627.05078125
217.0,0.05,-989.0,-877.9829221898176,9800.29296875
218.0,0.05,-2090.0,-893.7650988036248,9059.900390625
219.0,0.05,-1337.0,-901.6266973579618,7766.6875
220.0,0.05,-573.0,-902.3323949776616,7461.009765625
221.0,0.05,-1758.0,-916.4386104200928,7102.0986328125
222.0,0.05,-555.0,-917.480666189904,6519.30517578125
223.0,0.05,-1272.0,-923.4963677616148,5122.8359375
224.0,0.05,-943.0,-927.2148800211205,4635.763671875
225.0,0.05,-1151.0,-932.6083370022791,4551.2412109375
226.0,0.05,-323.0,-933.8165680692064,5130.6318359375
227.0,0.05,-799.0,-939.4648906852477,5206.18115234375
228.0,0.05,-1700.0,-949.5316625521705,5882.80908203125
229.0,0.05,-1364.0,-957.4481970658975,5053.7431640625
230.0,0.05,-156.0,-953.8378786437679,4919.22021484375
231.0,0.05,-759.0,-954.6768382241685,4437.01123046875
232.0,0.05,-816.0,-958.3752061990001,4306.79833984375
233.0,0.05,-699.0,-961.876549949464,4586.61962890625
234.0,0.05,-1022.0,-965.2864637510003,4354.54345703125
235.0,0.05,-1570.0,-975.8348630003056,4680.0615234375
236.0,0.05,-2397.0,-993.9368284789034,6718.73486328125
237.0,0.05,-1740.0,-1006.3357443613309,5361.875
238.0,0.05,-303.0,-1003.9161026274246,3523.50390625
239.0,0.05,-848.0,-1007.4854178043485,5945.53515625
240.0,0.05,-3620.0,-1039.8744128268095,6667.3173828125
241.0,0.05,-379.0,-1037.7412938146456,4016.53955078125
242.0,0.05,-1427.0,-1048.8106118074907,3782.98876953125
243.0,0.05,-598.0,-1048.8820953969619,3576.518310546875
244.0,0.05,-617.0,-1047.2169734486697,3447.95947265625
245.0,0.05,-595.0,-1047.9639296045357,3463.969970703125
246.0,0.05,-1912.0,-1061.2995792636837,3268.754150390625
247.0,0.05,-711.0,-1065.7036449742193,3872.346923828125
248.0,0.05,-542.0,-1066.4317562776534,3613.378662109375
249.0,0.05,-1244.0,-1074.4925470181433,5545.80615234375
250.0,0.05,-535.0,-1074.854654631672,3006.825439453125
251.0,0.05,-642.0,-1074.9542267872948,3768.681640625
252.0,0.05,-386.0,-1072.8731528558849,1809.332763671875
253.0,0.05,-240.0,-1069.7890225699216,2965.393798828125
254.0,0.05,-714.0,-1074.7337643967287,2468.548828125
255.0,0.05,-613.0,-1074.2252641287587,2168.40185546875
256.0,0.05,-961.0,-1080.992568262563,3303.9892578125
257.0,0.05,-1178.0,-1086.952205799509,3568.719482421875
258.0,0.05,-856.0,-1092.2542878453846,3171.56640625
259.0,0.05,-1217.0,-1101.124266097592,2600.032470703125
260.0,0.05,-314.0,-1099.5264787708497,1476.4908447265625
261.0,0.05,-2616.0,-1116.2373835418803,3713.742431640625
262.0,0.05,-1997.0,-1131.961950224662,3133.13818359375
263.0,0.05,-344.0,-1124.6953473476153,1919.4058837890625
264.0,0.05,-291.0,-1123.7939792746279,2600.232666015625
265.0,0.05,-210.0,-1118.8632722360016,2772.609130859375
266.0,0.05,-1784.0,-1132.213475938166,3020.099609375
267.0,0.05,-648.0,-1135.7855800634818,2854.614990234375
268.0,0.05,-148.0,-1129.040348777862,2788.565185546875
269.0,0.05,-254.0,-1122.839675541703,2870.879150390625
270.0,0.05,-2111.0,-1139.169280428757,3367.313720703125
271.0,0.05,-246.0,-1137.4862422698654,2226.2568359375
272.0,0.05,-219.0,-1136.7970246005261,2218.5244140625
273.0,0.05,-139.0,-1129.4879115178796,1872.4339599609375
274.0,0.05,-1593.0,-1139.7056388732942,2155.827392578125
275.0,0.05,-189.0,-1137.9547782230134,1885.334228515625
276.0,0.05,-134.0,-1133.1359494752014,2356.13671875
277.0,0.05,-195.0,-1129.964683512415,2098.343505859375
278.0,0.05,-640.0,-1133.0405921811448,2222.52587890625
279.0,0.05,-2350.0,-1152.1836705514042,2836.74365234375
280.0,0.05,-289.0,-1150.238094503941,1980.709228515625
281.0,0.05,-170.0,-1149.7417337189174,2331.150390625
282.0,0.05,-258.0,-1148.5033925069383,2559.93310546875
283.0,0.05,-240.0,-1145.062163966825,2958.20458984375
284.0,0.05,-467.0,-1142.2121694209218,2631.052978515625
285.0,0.05,-1535.0,-1153.1936756421471,1781.8419189453125
286.0,0.05,-1869.0,-1168.7003701527883,2454.309326171875
287.0,0.05,-447.0,-1160.7641061223499,2542.9365234375
288.0,0.05,-265.0,-1155.0064841426727,2634.79736328125
289.0,0.05,-192.0,-1153.0681381579195,1721.1336669921875
290.0,0.05,-273.0,-1149.7847895996274,1935.509033203125
291.0,0.05,-273.0,-1141.353496703577,2080.070068359375
292.0,0.05,-248.0,-1138.9706599657452,1793.2987060546875
293.0,0.05,-446.0,-1135.3411028743897,1998.9964599609375
294.0,0.05,-348.0,-1127.1392853135767,2378.399169921875
295.0,0.05,-196.0,-1122.6716829703562,1778.01611328125
296.0,0.05,-112.0,-1115.785516475132,1420.5084228515625
297.0,0.05,-475.0,-1115.3077301361,1998.6689453125
298.0,0.05,-322.0,-1109.6372818964742,1411.632080078125
299.0,0.05,-483.0,-1079.5085394724674,1998.154541015625
300.0,0.05,-276.0,-1076.3864169723583,2094.728271484375
301.0,0.05,-492.0,-1069.3306378575364,2261.07666015625
302.0,0.05,-441.0,-1010.5372395564781,2018.901123046875
303.0,0.05,-393.0,-994.3496686926757,1909.9510498046875
304.0,0.05,-319.0,-982.1662342416406,2411.806884765625
305.0,0.05,-350.0,-973.5928217517354,2077.982177734375
306.0,0.05,-393.0,-956.2999942640148,1853.297119140625
307.0,0.05,-361.0,-942.0451577613145,2578.29638671875
308.0,0.05,-350.0,-926.5257901168821,2366.63330078125
309.0,0.05,-436.0,-911.4681747178909,2138.509033203125
310.0,0.05,-248.0,-882.0589397691538,3005.7509765625
311.0,0.05,-721.0,-853.8758626618289,1787.088134765625
312.0,0.05,-306.0,-826.7036715283587,2225.878173828125
313.0,0.05,-267.0,-793.9470383655098,3032.373779296875
314.0,0.05,-293.0,-776.8682462584298,2637.80517578125
315.0,0.05,-215.0,-773.808152336726,1518.071533203125
316.0,0.05,-272.0,-756.6555296715924,3205.51171875
317.0,0.05,-250.0,-749.2750456890384,3207.079833984375
318.0,0.05,-330.0,-731.6711583365634,2652.774658203125
319.0,0.05,-258.0,-720.8818593269938,2621.84814453125
320.0,0.05,-397.0,-719.1283545599496,1992.8016357421875
321.0,0.05,-366.0,-705.20495533358,2264.429931640625
322.0,0.05,-330.0,-702.9598176403123,2018.8543701171875
323.0,0.05,-380.0,-694.0362755544061,2225.843505859375
324.0,0.05,-355.0,-688.1559071300759,2062.18408203125
325.0,0.05,-218.0,-678.8227204517058,1236.1053466796875
326.0,0.05,-331.0,-678.9061807599477,1784.2916259765625
327.0,0.05,-330.0,-674.2149299409316,1525.2310791015625
328.0,0.05,-238.0,-659.590016418631,1745.10400390625
329.0,0.05,-385.0,-649.7952505709261,1627.7451171875
330.0,0.05,-298.0,-651.215984407,1842.9522705078125
331.0,0.05,-264.0,-646.2600480838307,1992.302978515625
332.0,0.05,-330.0,-641.3931572952044,1204.322509765625
333.0,0.05,-346.0,-637.8607828717348,1057.854736328125
334.0,0.05,-1134.0,-638.9796875633394,711.8067016601562
335.0,0.05,-463.0,-627.9193791273915,1244.4879150390625
336.0,0.05,-479.0,-608.7360629007354,1499.85595703125
337.0,0.05,-176.0,-593.0889878086116,1222.996826171875
338.0,0.05,-183.0,-591.8859293598838,1140.9166259765625
339.0,0.05,-485.0,-588.2516909781642,1195.0882568359375
340.0,0.05,-546.0,-557.5045322634749,1462.9595947265625
341.0,0.05,-545.0,-559.1567213060165,982.8499755859375
342.0,0.05,-379.0,-548.6838675660475,1429.982421875
343.0,0.05,-469.0,-547.3902877066944,1250.6199951171875
344.0,0.05,-485.0,-546.0725422227362,1330.006591796875
345.0,0.05,-183.0,-541.9504425079142,1499.1453857421875
346.0,0.05,-155.0,-524.3732939562431,1583.956298828125
347.0,0.05,-315.0,-520.4110508566127,1480.939208984375
348.0,0.05,-400.0,-518.9986394356812,1430.5101318359375
349.0,0.05,-108.0,-507.6409417970448,1575.8516845703125
350.0,0.05,-81.0,-503.1059246056281,1364.5184326171875
351.0,0.05,-90.0,-497.5859869228235,1208.7762451171875
352.0,0.05,-114.0,-494.8677747801942,1175.8848876953125
353.0,0.05,-949.0,-501.9490988734341,1405.4600830078125
354.0,0.05,-407.0,-498.8762519863383,1068.8314208984375
355.0,0.05,-538.0,-498.1239550804555,1425.888671875
356.0,0.05,-441.0,-492.9270952798512,1087.67333984375
357.0,0.05,-610.0,-487.2474234129513,1373.8665771484375
358.0,0.05,-406.0,-482.74436457690086,1262.4801025390625
359.0,0.05,-267.0,-473.24229550875503,1180.232421875
360.0,0.05,-266.0,-472.76337045940164,737.6474609375
361.0,0.05,-441.0,-451.00981490366706,856.9262084960938
362.0,0.05,-258.0,-433.62293975317453,802.5509643554688
363.0,0.05,-246.0,-432.6415656208295,930.128173828125
364.0,0.05,-582.0,-435.5452696573058,989.0924072265625
365.0,0.05,-103.0,-434.47275379593043,1266.259765625
366.0,0.05,-289.0,-419.5235149970681,1065.648193359375
367.0,0.05,-795.0,-420.99429684322797,1068.2108154296875
368.0,0.05,-385.0,-423.3633192666436,1146.965087890625
369.0,0.05,-663.0,-427.458498919917,988.1091918945312
370.0,0.05,-316.0,-409.501818857887,1343.9403076171875
371.0,0.05,-101.0,-408.0461371579058,1347.221923828125
372.0,0.05,-88.0,-406.73554145465084,1229.92529296875
373.0,0.05,-78.0,-406.131019009481,1578.5355224609375
374.0,0.05,-96.0,-391.1589160353916,1084.18408203125
375.0,0.05,-332.0,-392.588315057383,1946.1907958984375
376.0,0.05,-279.0,-394.0382787742054,1912.6109619140625
377.0,0.05,-400.0,-396.0886380650855,1747.8338623046875
378.0,0.05,-380.0,-393.49384564516816,1334.94287109375
379.0,0.05,-234.0,-372.3396133829938,752.370361328125
380.0,0.05,-424.0,-373.69690160959783,757.6155395507812
381.0,0.05,-138.0,-373.3860800188193,1105.9598388671875
382.0,0.05,-482.0,-375.6316700167099,907.1984252929688
383.0,0.05,-256.0,-375.79840808484335,1355.28515625
384.0,0.05,-94.0,-372.07538103816984,944.470947265625
385.0,0.05,-153.0,-358.2535829286132,1323.153564453125
386.0,0.05,-375.0,-343.31442467814884,1046.5029296875
387.0,0.05,-234.0,-341.18287074672133,721.6436767578125
388.0,0.05,-325.0,-341.7857812868191,734.2821655273438
389.0,0.05,-263.0,-342.49453035117716,865.2219848632812
390.0,0.05,-182.0,-341.5874323160965,1148.0003662109375
391.0,0.05,-432.0,-343.1812014276629,699.9987182617188
392.0,0.05,-372.0,-344.41617778597896,586.7760620117188
393.0,0.05,-90.0,-340.85420263506444,1065.70703125
394.0,0.05,-211.0,-339.48292250228076,966.5885620117188
395.0,0.05,-112.0,-338.6441693606083,573.3056640625
396.0,0.05,-173.0,-339.2529365228316,820.85888671875
397.0,0.05,-112.0,-335.621512646651,882.79541015625
398.0,0.05,-316.0,-335.56880429379845,731.5184936523438
399.0,0.05,-171.0,-332.45367643872083,714.3764038085938
400.0,0.05,-549.0,-335.1897276673375,830.3023071289062
401.0,0.05,-358.0,-333.8559852542475,809.053466796875
402.0,0.05,-203.0,-331.4748105011283,484.65325927734375
403.0,0.05,-298.0,-330.5240194661538,668.5449829101562
404.0,0.05,-402.0,-331.3575184374143,766.2036743164062
405.0,0.05,-257.0,-330.430025160789,901.127197265625
406.0,0.05,-242.0,-328.9166189847355,909.6168823242188
407.0,0.05,-235.0,-327.6596770182952,698.5090942382812
408.0,0.05,-639.0,-330.5404405574813,743.1671142578125
409.0,0.05,-435.0,-330.531524077924,616.7213134765625
410.0,0.05,-344.0,-331.4930324767896,1009.9305419921875
411.0,0.05,-161.0,-325.8964819512458,921.6260986328125
412.0,0.05,-375.0,-326.58616157956396,1428.8814697265625
413.0,0.05,-288.0,-326.7990644662071,994.5328979492188
414.0,0.05,-489.0,-328.75929882336936,1155.625732421875
415.0,0.05,-496.0,-331.56755970566024,926.2644653320312
416.0,0.05,-192.0,-330.7673623662699,890.1041259765625
417.0,0.05,-208.0,-330.3383217368172,900.883056640625
418.0,0.05,-137.0,-328.4053648980547,1738.7008056640625
419.0,0.05,-163.0,-327.455177789422,1616.7803955078125
420.0,0.05,-500.0,-328.4792316703625,533.0473022460938
421.0,0.05,-317.0,-327.9910051151331,981.27001953125
422.0,0.05,-111.0,-325.8018252851485,1440.490234375
423.0,0.05,-288.0,-324.88067218580284,1107.3282470703125
424.0,0.05,-359.0,-324.91128584933807,871.39599609375
425.0,0.05,-334.0,-326.0721269494973,1309.6175537109375
426.0,0.05,-184.0,-324.59413547416074,839.4326171875
427.0,0.05,-253.0,-323.8230959428124,939.9981689453125
428.0,0.05,-460.0,-326.0446108508679,1028.40380859375
429.0,0.05,-662.0,-328.818830353988,1126.7364501953125
430.0,0.05,-486.0,-330.6970142766425,904.686767578125
431.0,0.05,-568.0,-333.74004912888586,471.79522705078125
432.0,0.05,-395.0,-334.3906181699367,1183.9090576171875
433.0,0.05,-455.0,-335.48254861212354,1012.83837890625
434.0,0.05,-440.0,-328.540895321877,973.32958984375
435.0,0.05,-463.0,-328.5370266460188,1227.9627685546875
436.0,0.05,-363.0,-327.37893690221495,736.2329711914062
437.0,0.05,-382.0,-329.4394724463489,784.1832275390625
438.0,0.05,-266.0,-330.27416648430335,787.8125
439.0,0.05,-376.0,-329.1914566651038,751.2737426757812
440.0,0.05,-259.0,-326.32538672612577,1311.522705078125
441.0,0.05,-233.0,-323.2117078466647,1213.0218505859375
442.0,0.05,-191.0,-321.32830381381217,1039.6685791015625
443.0,0.05,-484.0,-321.48434275448636,1075.2880859375
444.0,0.05,-419.0,-320.82336829665354,829.8087158203125
445.0,0.05,-558.0,-324.57833787370276,1593.24169921875
446.0,0.05,-306.0,-326.0943141758569,1007.8175659179688
447.0,0.05,-658.0,-329.5258585688078,1197.7064208984375
448.0,0.05,-578.0,-331.2994272415122,1388.59326171875
449.0,0.05,-395.0,-334.17469591364267,1267.201416015625
450.0,0.05,-239.0,-335.7523351219324,991.0421142578125
451.0,0.05,-227.0,-337.1180907112587,811.3853149414062
452.0,0.05,-140.0,-337.37515500956107,1324.3321533203125
453.0,0.05,-501.0,-332.9001544487383,1545.638916015625
454.0,0.05,-274.0,-331.5754981252833,1136.239501953125
455.0,0.05,-335.0,-329.5484664736742,1467.6763916015625
456.0,0.05,-243.0,-327.56896157801407,1315.6270751953125
457.0,0.05,-785.0,-329.31664143215346,1373.22119140625
458.0,0.05,-371.0,-328.9706985172212,1923.5069580078125
459.0,0.05,-264.0,-328.94492522624813,711.4029541015625
460.0,0.05,-343.0,-329.7160731682665,1813.5748291015625
461.0,0.05,-485.0,-330.15160402040715,1644.22119140625
462.0,0.05,-188.0,-329.44454847200393,866.5704956054688
463.0,0.05,-305.0,-330.0355642191591,1723.3819580078125
464.0,0.05,-315.0,-327.3714015073813,2479.201171875
465.0,0.05,-375.0,-330.0988324271504,1702.7418212890625
466.0,0.05,-297.0,-330.17414855047423,1844.857421875
467.0,0.05,-335.0,-325.57400673573153,1967.98486328125
468.0,0.05,-252.0,-324.2397160991372,1852.01953125
469.0,0.05,-335.0,-320.95827361421476,1848.737548828125
470.0,0.05,-318.0,-320.9807634526338,1682.3555908203125
471.0,0.05,-360.0,-323.5754797087665,1682.060546875
472.0,0.05,-345.0,-326.1424393085904,1780.6114501953125
473.0,0.05,-349.0,-328.85125354741126,2025.9599609375
474.0,0.05,-322.0,-331.11036004968184,1848.64501953125
475.0,0.05,-365.0,-331.4451832751747,1826.64501953125
476.0,0.05,-256.0,-331.21556494452926,1401.5982666015625
477.0,0.05,-252.0,-329.7328921732632,1380.9591064453125
478.0,0.05,-157.0,-327.50167948630707,1008.809326171875
479.0,0.05,-321.0,-328.3699486802973,1529.7967529296875
480.0,0.05,-763.0,-331.76022419373834,1394.0274658203125
481.0,0.05,-1048.0,-340.85217401977326,1336.2000732421875
482.0,0.05,-829.0,-344.32498884061033,1192.658935546875
483.0,0.05,-57.0,-342.3311467077888,603.5474853515625
484.0,0.05,-158.0,-342.9714625275304,1699.1793212890625
485.0,0.05,-474.0,-346.18104598074984,1455.0333251953125
486.0,0.05,-261.0,-345.0356129509224,872.3358154296875
487.0,0.05,-428.0,-346.9718822523702,1451.5487060546875
488.0,0.05,-29.0,-344.0100766886966,993.2326049804688
489.0,0.05,-639.0,-347.76608826824895,1278.3133544921875
490.0,0.05,-166.0,-347.59822330278195,1482.5050048828125
491.0,0.05,-354.0,-346.81784426697766,706.6647338867188
492.0,0.05,-275.0,-345.8551023016871,523.404296875
493.0,0.05,-438.0,-349.34425238512443,1364.7440185546875
494.0,0.05,-323.0,-350.46680928124897,611.0816040039062
495.0,0.05,-379.0,-353.13668323728996,973.2323608398438
496.0,0.05,-399.0,-355.39396028195864,1426.7244873046875
497.0,0.05,-543.0,-359.706320108657,1145.2100830078125
498.0,0.05,-677.0,-363.31383014237036,1597.5728759765625
499.0,0.05,-1411.0,-375.7143860064956,1083.602294921875
500.0,0.05,-531.0,-375.53034122043147,1621.099853515625
501.0,0.05,-480.0,-376.75052950199176,1396.8321533203125
502.0,0.05,-331.0,-378.022645152635,1264.2537841796875
503.0,0.05,-322.0,-378.2689823414133,1448.5452880859375
504.0,0.05,-381.0,-378.0562509192209,1596.3994140625
505.0,0.05,-570.0,-381.19293179536925,1365.2684326171875
506.0,0.05,-447.0,-383.2378533789099,702.96923828125
507.0,0.05,-676.0,-387.64248532598384,911.828369140625
508.0,0.05,-533.0,-386.59151937086114,959.6588745117188
509.0,0.05,-52.0,-382.76456327411,1680.0714111328125
510.0,0.05,-21.0,-379.53350817691694,1400.913330078125
511.0,0.05,-57.0,-378.48875345908834,1401.9056396484375
512.0,0.05,-760.0,-382.3412817343998,1341.495849609375
513.0,0.05,-931.0,-388.7641297225316,1322.497314453125
514.0,0.05,-32.0,-384.1997392023077,1243.2120361328125
515.0,0.05,21.0,-379.02426728608026,1306.690185546875
516.0,0.05,-646.0,-383.56493790341716,1088.0093994140625
517.0,0.05,-65.0,-382.1361429971132,1338.4599609375
518.0,0.05,-503.0,-385.79766927722244,3099.84033203125
519.0,0.05,-82.0,-384.9857648905679,1352.2210693359375
520.0,0.05,-101.0,-380.99718629894016,1039.9219970703125
521.0,0.05,-81.0,-378.63627282844806,1341.080810546875
522.0,0.05,-610.0,-383.62580185794275,2762.383056640625
523.0,0.05,-512.0,-385.86306743199225,2511.3017578125
524.0,0.05,-140.0,-383.6820876643091,1397.8604736328125
525.0,0.05,-490.0,-385.2407274384405,2441.987548828125
526.0,0.05,-545.0,-388.8562227501674,2167.787109375
527.0,0.05,-483.0,-391.1607812234442,2103.771728515625
528.0,0.05,-425.0,-390.80770933413237,2402.333251953125
529.0,0.05,-42.0,-384.6030465263643,1509.304931640625
530.0,0.05,-681.0,-386.5520713688004,2325.29736328125
531.0,0.05,-56.0,-381.4257758425574,1529.662841796875
532.0,0.05,-637.0,-383.84981329377007,1907.9547119140625
533.0,0.05,-463.0,-383.92926510011796,1048.7447509765625
534.0,0.05,-610.0,-385.63189457796295,1636.14697265625
535.0,0.05,-565.0,-386.65560826891976,2290.262451171875
536.0,0.05,-389.0,-386.9201847820272,1895.5565185546875
537.0,0.05,-424.0,-387.34256671507114,2206.842529296875
538.0,0.05,-718.0,-391.85414592656525,2012.19921875
539.0,0.05,-471.0,-392.79657193874885,1909.79345703125
540.0,0.05,-599.0,-396.19199330543034,1179.3206787109375
541.0,0.05,-597.0,-399.8300709716754,1179.319580078125
542.0,0.05,-388.0,-401.79946729790845,1199.5758056640625
543.0,0.05,-573.0,-402.69025232454163,1949.9029541015625
544.0,0.05,-522.0,-403.7181043853685,1865.3035888671875
545.0,0.05,-366.0,-401.7957739274533,1364.8897705078125
546.0,0.05,-527.0,-403.9978476037638,1545.0504150390625
547.0,0.05,-510.0,-402.517830503758,843.6803588867188
548.0,0.05,-475.0,-401.48630141510637,1661.71923828125
549.0,0.05,-622.0,-403.7490246750991,1700.033935546875
550.0,0.05,-99.0,-402.3444592148998,1710.323486328125
551.0,0.05,-615.0,-406.2263996662467,2001.4615478515625
552.0,0.05,-416.0,-408.98328161438116,1595.39794921875
553.0,0.05,-79.0,-404.76678845712826,2289.70947265625
554.0,0.05,-466.0,-406.6865593159611,1961.807861328125
555.0,0.05,-343.0,-406.76523498728676,1017.3609619140625
556.0,0.05,-438.0,-408.70981202384434,1657.4410400390625
557.0,0.05,-396.0,-404.8151111491273,1823.0020751953125
558.0,0.05,-404.0,-405.1413488202458,1691.6923828125
559.0,0.05,-731.0,-409.8125968690172,1697.964599609375
560.0,0.05,-689.0,-413.27224828480286,2298.9560546875
561.0,0.05,-524.0,-413.6650021678302,2635.90771484375
562.0,0.05,-1424.0,-426.0274937692506,1706.6866455078125
563.0,0.05,-377.0,-426.7408389160077,2055.5400390625
564.0,0.05,-522.0,-428.81046014730316,2345.0595703125
565.0,0.05,-559.0,-430.6426862708074,1929.5655517578125
566.0,0.05,-247.0,-430.14427198185217,1706.490478515625
567.0,0.05,-433.0,-431.1248073040909,1702.155517578125
568.0,0.05,-332.0,-431.92651456457327,1321.952392578125
569.0,0.05,-241.0,-430.9900342533806,1734.4019775390625
570.0,0.05,-464.0,-432.448785266006,1833.86474609375
571.0,0.05,-271.0,-431.5564196061131,1862.67041015625
572.0,0.05,-567.0,-433.7765691872059,1700.0701904296875
573.0,0.05,-1448.0,-444.7681707264131,2032.5218505859375
574.0,0.05,-591.0,-447.45598635788474,2015.1170654296875
575.0,0.05,-893.0,-452.7315306585899,2278.953369140625
576.0,0.05,-663.0,-456.7972342146073,1751.800048828125
577.0,0.05,-421.0,-458.4873695829033,1997.6165771484375
578.0,0.05,-586.0,-462.77476523201045,2039.06103515625
579.0,0.05,-125.0,-460.81361072241856,2142.916259765625
580.0,0.05,-323.0,-456.40826553316197,2054.63232421875
581.0,0.05,-945.0,-455.3822720571228,2102.9638671875
582.0,0.05,-539.0,-452.48132738180004,1702.8880615234375
583.0,0.05,-656.0,-458.47072635314765,1507.3245849609375
584.0,0.05,-773.0,-464.61945040693206,1797.1158447265625
585.0,0.05,-186.0,-461.73663424103296,1892.2001953125
586.0,0.05,-482.0,-463.9524569326191,1754.473388671875
587.0,0.05,-90.0,-460.572656629404,1962.0828857421875
588.0,0.05,-154.0,-461.81580346664055,1931.05517578125
589.0,0.05,-185.0,-457.2835017829731,2121.17138671875
590.0,0.05,-419.0,-459.8149975763758,1865.094482421875
591.0,0.05,-528.0,-461.5494474284632,1765.600830078125
592.0,0.05,-595.0,-464.7467153088399,1443.111083984375
593.0,0.05,-206.0,-462.421329510518,1679.7471923828125
594.0,0.05,-414.0,-463.32914416006884,1561.4287109375
595.0,0.05,-364.0,-463.174977695136,1641.3486328125
596.0,0.05,-459.0,-463.7812200055668,1500.8380126953125
597.0,0.05,-325.0,-461.6029392437993,1649.3914794921875
598.0,0.05,-761.0,-462.4374751297755,717.361328125
599.0,0.05,-1687.0,-465.1890716946348,1539.006103515625
600.0,0.05,-341.0,-463.29264954747,1222.978759765625
601.0,0.05,-510.0,-463.59069998972956,1494.554443359375
602.0,0.05,-327.0,-463.5564883195944,1616.7406005859375
603.0,0.05,-348.0,-463.81692201444093,1386.725830078125
604.0,0.05,-434.0,-464.34370162369356,1289.170654296875
605.0,0.05,-372.0,-462.3551129662398,1202.2294921875
606.0,0.05,-1399.0,-471.8777149480178,1086.3203125
607.0,0.05,-1303.0,-478.14747154566436,678.8606567382812
608.0,0.05,-253.0,-475.34603092797516,1332.45947265625
609.0,0.05,-1913.0,-493.9564921145968,615.6527099609375
610.0,0.05,-203.0,-495.77689159846165,935.1371459960938
611.0,0.05,-1394.0,-509.1466001670555,789.8914794921875
612.0,0.05,-254.0,-504.08385025162534,1003.9920654296875
613.0,0.05,-408.0,-498.85369809083664,685.447509765625
614.0,0.05,-269.0,-501.2251373625157,743.644775390625
615.0,0.05,-540.0,-506.844293613318,710.9702758789062
616.0,0.05,-299.0,-503.37055036005,814.7384033203125
617.0,0.05,-575.0,-508.4722214544097,191.92625427246094
618.0,0.05,-313.0,-506.5753402106156,581.8646240234375
619.0,0.05,-505.0,-510.80408823444486,866.0397338867188
620.0,0.05,-267.0,-512.4648303270479,790.1561889648438
621.0,0.05,-449.0,-516.1453045718243,588.6290283203125
622.0,0.05,-411.0,-514.1529291199291,494.7266540527344
623.0,0.05,-456.0,-513.5928899959023,691.5379028320312
624.0,0.05,-325.0,-515.4432180193392,737.2113647460938
625.0,0.05,-504.0,-515.5844772380515,635.71435546875
626.0,0.05,-367.0,-513.8013015646658,724.6139526367188
627.0,0.05,-125.0,-510.22390135697196,476.3845520019531
628.0,0.05,-338.0,-509.3555829749447,351.4004821777344
629.0,0.05,-306.0,-512.0027211432892,405.2445373535156
630.0,0.05,-505.0,-510.24148442426406,599.6768798828125
631.0,0.05,-433.0,-514.0118040577013,434.6986389160156
632.0,0.05,-322.0,-510.8589104263644,558.1648559570312
633.0,0.05,-617.0,-512.3978496618471,629.3826904296875
634.0,0.05,-672.0,-513.0164597026209,877.337890625
635.0,0.05,-514.0,-512.50286720929,1029.327880859375
636.0,0.05,-573.0,-514.3442181207763,896.8670043945312
637.0,0.05,-404.0,-514.1460611127966,829.115234375
638.0,0.05,-469.0,-511.6563882425366,992.1246948242188
639.0,0.05,-356.0,-510.5127533108335,901.8069458007812
640.0,0.05,-830.0,-512.8318926610161,787.8717651367188
641.0,0.05,-332.0,-510.18299647426863,994.94873046875
642.0,0.05,-402.0,-510.31911098549847,962.69580078125
643.0,0.05,-630.0,-510.88840598758,1031.3265380859375
644.0,0.05,-737.0,-513.0382644464046,904.5338745117188
645.0,0.05,-991.0,-519.289698541937,1004.3631591796875
646.0,0.05,-499.0,-519.0122828098179,924.4500122070312
647.0,0.05,-533.0,-519.2478857243618,1087.597412109375
648.0,0.05,-646.0,-520.9663821793472,786.8729858398438
649.0,0.05,-394.0,-518.6859324840476,1466.783203125
650.0,0.05,-644.0,-524.1368571618649,669.199462890625
651.0,0.05,-545.0,-523.4414585735434,798.9984130859375
652.0,0.05,-852.0,-527.8079413081169,752.6629028320312
653.0,0.05,-442.0,-531.4375048184552,701.3844604492188
654.0,0.05,-783.0,-534.602632856028,722.3180541992188
655.0,0.05,-504.0,-536.212557935862,1036.855712890625
656.0,0.05,-781.0,-539.6420016019712,674.8048706054688
657.0,0.05,-371.0,-539.3977068661752,974.2471313476562
658.0,0.05,-176.0,-537.1182603950192,170.09068298339844
659.0,0.05,-723.0,-537.0316871522635,765.9202880859375
660.0,0.05,-530.0,-535.4399974514644,1011.9522705078125
661.0,0.05,-547.0,-535.6748652107805,682.6846923828125
662.0,0.05,-604.0,-527.4773205172239,679.438232421875
663.0,0.05,-483.0,-528.5364500418113,712.5982666015625
664.0,0.05,-811.0,-531.4269314349393,732.7744140625
665.0,0.05,-682.0,-532.6557845795309,643.0015869140625
666.0,0.05,-905.0,-539.2372939587439,712.0057373046875
667.0,0.05,-551.0,-540.4092301998229,787.6036987304688
668.0,0.05,-450.0,-541.5869684792281,698.697509765625
669.0,0.05,-478.0,-543.9488439112627,644.4052734375
670.0,0.05,-363.0,-542.9402465903808,697.7424926757812
671.0,0.05,-725.0,-547.4797670013359,712.9851684570312
672.0,0.05,-267.0,-544.4809729415895,692.3597412109375
673.0,0.05,-489.0,-534.887320625469,581.8180541992188
674.0,0.05,-472.0,-533.6977854699718,625.4393920898438
675.0,0.05,-378.0,-528.5504129123544,539.2271728515625
676.0,0.05,-766.0,-529.5838382602826,904.7865600585938
677.0,0.05,-108.0,-526.4525060154945,454.3895568847656
678.0,0.05,-122.0,-521.8193229536411,560.3941650390625
679.0,0.05,-123.0,-521.7967832573714,395.54132080078125
680.0,0.05,-411.0,-522.6803593116227,694.0364990234375
681.0,0.05,-357.0,-516.8034010836209,1191.4444580078125
682.0,0.05,-654.0,-517.95503487709,1932.4010009765625
683.0,0.05,-548.0,-516.8771599071163,2164.133056640625
684.0,0.05,-453.0,-513.6754256644361,2281.134521484375
685.0,0.05,-569.0,-517.5091317714707,1679.363525390625
686.0,0.05,-218.0,-514.8677375929271,1031.56787109375
687.0,0.05,-92.0,-514.8941267560359,728.7565307617188
688.0,0.05,-623.0,-519.5889241124238,2762.095458984375
689.0,0.05,-404.0,-521.777906361643,2256.553955078125
690.0,0.05,-452.0,-522.1064053086532,1648.7022705078125
691.0,0.05,-408.0,-520.9027899992941,2596.852783203125
692.0,0.05,-631.0,-521.2629323376174,2329.41259765625
693.0,0.05,-251.0,-521.7093482918311,1422.558349609375
694.0,0.05,-348.0,-521.0487298704355,2078.40283203125
695.0,0.05,-364.0,-521.0513351189903,2378.783935546875
696.0,0.05,-313.0,-519.5884155169724,1902.9888916015625
697.0,0.05,-476.0,-521.1014808348029,2445.654541015625
698.0,0.05,-494.0,-518.4343488545601,2787.447998046875
699.0,0.05,-643.0,-507.9999271966305,3043.892333984375
700.0,0.05,-129.0,-505.8734645005811,435.15625
701.0,0.05,-294.0,-503.7108426718578,1806.1639404296875
702.0,0.05,-349.0,-503.9321826159793,1299.878173828125
703.0,0.05,-595.0,-506.3959931383919,2351.734130859375
704.0,0.05,-203.0,-504.0836200628548,1538.398193359375
705.0,0.05,-413.0,-504.4985718013328,1881.8526611328125
706.0,0.05,-426.0,-494.7727782737252,1683.2314453125
707.0,0.05,-319.0,-484.93161078636115,2535.635986328125
708.0,0.05,-509.0,-487.4934506671414,1950.47607421875
709.0,0.05,-435.0,-472.7076659479615,1526.380859375
710.0,0.05,-491.0,-475.588715689292,2049.875
711.0,0.05,-515.0,-466.8042913250911,2179.379638671875
712.0,0.05,-461.0,-468.87762087771705,1932.3087158203125
713.0,0.05,-444.0,-469.2391185218534,2471.146728515625
714.0,0.05,-349.0,-470.03064204168027,964.4024047851562
715.0,0.05,-343.0,-468.0603410100062,1541.1044921875
716.0,0.05,-413.0,-469.1974491554241,1386.9659423828125
717.0,0.05,-104.0,-464.48420076025184,2289.704345703125
718.0,0.05,-356.0,-464.91587195506827,3472.35546875
719.0,0.05,-224.0,-462.11202701979283,2854.420166015625
720.0,0.05,-211.0,-461.5473469866763,3519.031982421875
721.0,0.05,-248.0,-459.54040157335913,3542.075927734375
722.0,0.05,-205.0,-457.4833732291375,3924.4873046875
723.0,0.05,-453.0,-457.46268868292464,5485.36181640625
724.0,0.05,-433.0,-458.5378460812211,3915.958740234375
725.0,0.05,-380.0,-457.2980854614922,4032.107421875
726.0,0.05,-385.0,-457.4800518850992,3934.3251953125
727.0,0.05,-285.0,-459.0804036588368,2820.318115234375
728.0,0.05,-298.0,-458.6800930266532,1878.466552734375
729.0,0.05,-584.0,-461.4560733510287,2325.7919921875
730.0,0.05,-524.0,-461.6481022506929,3603.969970703125
731.0,0.05,-459.0,-461.9142785109696,3858.101318359375
732.0,0.05,-337.0,-462.06769063800925,658.6511840820312
733.0,0.05,-491.0,-460.8114832682701,1549.6995849609375
734.0,0.05,-445.0,-458.5458915916235,929.3123779296875
735.0,0.05,-532.0,-458.7249681618099,4756.53564453125
736.0,0.05,-392.0,-456.9111216787378,3473.098876953125
737.0,0.05,-548.0,-458.3494082039412,2412.333740234375
738.0,0.05,-433.0,-457.99420341021624,2581.67626953125
739.0,0.05,-213.0,-456.5574892257558,482.7215576171875
740.0,0.05,-340.0,-451.65106955241015,1484.656005859375
741.0,0.05,-366.0,-451.99249477607157,3663.13671875
742.0,0.05,-182.0,-449.7949548139983,253.5675811767578
743.0,0.05,-901.0,-452.5062236383486,2171.280029296875
744.0,0.05,-329.0,-448.4308183026459,7477.8564453125
745.0,0.05,-792.0,-446.4384990484588,2627.493408203125
746.0,0.05,-730.0,-448.7515605496313,4372.08349609375
747.0,0.05,-482.0,-448.23851405591716,1709.395263671875
748.0,0.05,-438.0,-446.1538338303833,8918.33203125
749.0,0.05,-401.0,-446.22594436117004,859.8621826171875
750.0,0.05,-843.0,-448.2191338331002,3533.828125
751.0,0.05,-474.0,-447.50889044770594,1415.0433349609375
752.0,0.05,-592.0,-444.90756645275155,724.2823486328125
753.0,0.05,-586.0,-446.34770317233546,11252.478515625
754.0,0.05,-469.0,-443.2124563752658,1618.8106689453125
755.0,0.05,-587.0,-444.048323664528,556.802490234375
756.0,0.05,-417.0,-440.4125000420694,1308.5797119140625
757.0,0.05,-253.0,-439.2354968282422,2328.40283203125
758.0,0.05,-789.0,-445.3635083775489,5553.46142578125
759.0,0.05,-262.0,-440.75390872251126,991.5494384765625
760.0,0.05,-319.0,-438.6473456487941,2051.098876953125
761.0,0.05,-521.0,-438.3792759545019,9704.646484375
762.0,0.05,-484.0,-437.1751254883739,2118.066650390625
763.0,0.05,-296.0,-435.3050071844874,5261.548828125
764.0,0.05,-285.0,-430.04404910083156,6005.91015625
765.0,0.05,-498.0,-428.20814287057954,5949.9208984375
766.0,0.05,-524.0,-424.40007896800046,6029.02099609375
767.0,0.05,-477.0,-423.6657293979887,11367.6142578125
768.0,0.05,-227.0,-421.43569587291114,3737.5771484375
769.0,0.05,-296.0,-419.6204740289326,4106.52490234375
770.0,0.05,-738.0,-423.37250989377105,10598.322265625
771.0,0.05,-276.0,-418.88493296335326,3804.6513671875
772.0,0.05,-749.0,-423.7039907101006,10617.712890625
773.0,0.05,-357.0,-422.37793660743637,4542.375
774.0,0.05,-689.0,-424.5564339950752,10148.3330078125
775.0,0.05,-570.0,-426.4734455274472,11598.8671875
776.0,0.05,-528.0,-424.09429457335267,11382.1611328125
777.0,0.05,-339.0,-426.40508246697584,3948.454833984375
778.0,0.05,-397.0,-429.1485730715412,8444.744140625
779.0,0.05,-487.0,-432.7911579110428,10314.685546875
780.0,0.05,-561.0,-434.2832363065611,8908.4853515625
781.0,0.05,-521.0,-435.9242076609378,9737.537109375
782.0,0.05,-400.0,-433.38372404864396,8855.5869140625
783.0,0.05,-613.0,-434.03668516133285,10446.396484375
784.0,0.05,-627.0,-435.77562380085277,9709.484375
785.0,0.05,-470.0,-434.78873745475283,9759.244140625
786.0,0.05,-349.0,-436.09256530466365,10271.91015625
787.0,0.05,-521.0,-440.3770164392779,9906.935546875
788.0,0.05,-690.0,-441.04897489207633,7391.9873046875
789.0,0.05,-595.0,-442.9533058281968,10267.880859375
790.0,0.05,-605.0,-444.48385786849514,10835.1572265625
791.0,0.05,-691.0,-447.32198035188185,10418.1005859375
792.0,0.05,-592.0,-446.93216666742074,10558.4912109375
793.0,0.05,-281.0,-447.23926022164625,6651.4833984375
794.0,0.05,-568.0,-449.4440169533563,10830.6455078125
795.0,0.05,-609.0,-451.8942797311313,10472.7587890625
796.0,0.05,-546.0,-454.2247205790173,10810.212890625
797.0,0.05,-486.0,-454.3238800482608,9391.7568359375
798.0,0.05,-142.0,-450.8062880289568,5348.1767578125
799.0,0.05,-508.0,-449.45655800760903,7935.384765625
800.0,0.05,-466.0,-452.83003049448604,7387.18212890625
801.0,0.05,-292.0,-452.80840707503427,6014.73779296875
802.0,0.05,-566.0,-454.97943835340214,8392.31640625
803.0,0.05,-422.0,-453.25539552393917,7022.08349609375
804.0,0.05,-782.0,-459.05061692661616,8147.57958984375
805.0,0.05,-179.0,-456.7125997987772,4140.41796875
806.0,0.05,-671.0,-459.15482541292886,7312.95263671875
807.0,0.05,-483.0,-460.804176701887,6680.4150390625
808.0,0.05,-272.0,-458.4275681367998,4489.76123046875
809.0,0.05,-1503.0,-469.1059258286157,11452.9091796875
810.0,0.05,-1914.0,-483.3360504803343,12953.9775390625
811.0,0.05,-173.0,-479.9095534871164,4705.36376953125
812.0,0.05,-1042.0,-485.7170921551164,9078.3466796875
813.0,0.05,-1923.0,-500.5056831135733,12666.849609375
814.0,0.05,-309.0,-500.112592650802,1717.5404052734375
815.0,0.05,-656.0,-503.23959050066304,1654.6728515625
816.0,0.05,-898.0,-508.0923004591414,8108.4267578125
817.0,0.05,-956.0,-516.621756055798,8593.755859375
818.0,0.05,-1635.0,-529.4134827269024,8865.861328125
819.0,0.05,-629.0,-533.4663562266031,8502.7880859375
820.0,0.05,-130.0,-532.6639053958713,5348.5029296875
821.0,0.05,-498.0,-535.1618383972842,5725.2275390625
822.0,0.05,-1427.0,-547.3763567903072,8310.9169921875
823.0,0.05,-443.0,-547.2689042925498,6932.61669921875
824.0,0.05,-1224.0,-555.1805094332634,6843.12158203125
825.0,0.05,-1735.0,-568.7331245982582,9014.9873046875
826.0,0.05,-661.0,-571.4900085171348,9612.9873046875
827.0,0.05,-2219.0,-590.8282740047372,8616.525390625
828.0,0.05,-770.0,-595.5485691283604,10153.1337890625
829.0,0.05,-837.0,-598.0811130640417,10148.318359375
830.0,0.05,-612.0,-598.9643901713282,8313.1982421875
831.0,0.05,-681.0,-601.1804954914501,9663.4248046875
832.0,0.05,-1301.0,-610.8187952487995,8392.1982421875
833.0,0.05,-779.0,-613.6999192986027,8815.3212890625
834.0,0.05,-625.0,-615.4960220027359,7545.16357421875
835.0,0.05,-3220.0,-642.378154983269,8202.18359375
836.0,0.05,-1089.0,-649.3530376760692,9232.70703125
837.0,0.05,-846.0,-652.3307401190397,8023.5791015625
838.0,0.05,-1218.0,-660.1827162419227,7413.93310546875
839.0,0.05,-741.0,-665.4676961652332,7123.02294921875
840.0,0.05,-607.0,-668.1382915977266,8095.69580078125
841.0,0.05,-2052.0,-684.9924375638991,8181.57958984375
842.0,0.05,-1578.0,-698.9555097584474,8124.078125
843.0,0.05,-1003.0,-699.9712960473547,6923.0869140625
844.0,0.05,-1236.0,-709.0442969998364,6781.3232421875
845.0,0.05,-80.0,-701.9248267695077,2374.281982421875
846.0,0.05,-1046.0,-705.0834616357528,6053.4912109375
847.0,0.05,-92.0,-701.1806958045937,2052.35009765625
848.0,0.05,-55.0,-697.3474410019448,1433.5565185546875
849.0,0.05,-1961.0,-712.9485108302373,5452.7392578125
850.0,0.05,-1557.0,-720.0854474603924,4696.0546875
851.0,0.05,-151.0,-716.8508334026085,4540.5341796875
852.0,0.05,-45.0,-711.3786831275895,1553.6328125
853.0,0.05,-117.0,-706.6808534410093,8487.4501953125
854.0,0.05,-100.0,-702.9863463107437,11049.9140625
855.0,0.05,-54.0,-697.6578321752264,2110.96923828125
856.0,0.05,-49.0,-693.9778098465362,10560.3857421875
857.0,0.05,-215.0,-693.593145907105,11598.904296875
858.0,0.05,-178.0,-687.4818212199822,7310.119140625
859.0,0.05,-226.0,-687.1203674118545,5471.59228515625
860.0,0.05,-240.0,-686.3309704923741,11004.1962890625
861.0,0.05,-263.0,-683.7571741980212,7706.4287109375
862.0,0.05,-150.0,-680.4226052341057,12586.6279296875
863.0,0.05,-236.0,-679.8223904771127,4147.6611328125
864.0,0.05,-285.0,-679.8231328158781,6109.47265625
865.0,0.05,-232.0,-677.1589889663296,5922.3681640625
866.0,0.05,-218.0,-674.0977186410639,6219.6015625
867.0,0.05,-237.0,-671.6934443006891,9503.263671875
868.0,0.05,-257.0,-671.9980848223117,6976.962890625
869.0,0.05,-240.0,-671.432922161589,8635.8349609375
870.0,0.05,-423.0,-668.276779303556,6432.70947265625
871.0,0.05,-145.0,-666.96258807586,12735.4814453125
872.0,0.05,-129.0,-660.7656264741189,14463.533203125
873.0,0.05,-347.0,-660.6692083704156,11596.7890625
874.0,0.05,-600.0,-659.7735876800319,1866.723876953125
875.0,0.05,-588.0,-659.9572619522615,1524.614013671875
876.0,0.05,-333.0,-658.0040523031914,10557.0263671875
877.0,0.05,-645.0,-661.067903560457,5501.61083984375
878.0,0.05,-613.0,-663.2262145490852,5241.1591796875
879.0,0.05,-391.0,-662.2626971056796,7505.78564453125
880.0,0.05,-398.0,-660.6355239934895,8512.4150390625
881.0,0.05,-1346.0,-668.8801610507842,7568.779296875
882.0,0.05,-751.0,-672.3842941812337,9918.431640625
883.0,0.05,-288.0,-669.1350075740888,8476.7265625
884.0,0.05,-1241.0,-675.2729782746726,6207.158203125
885.0,0.05,-788.0,-678.4534246398554,8321.90234375
886.0,0.05,-1410.0,-689.0625712997419,4555.927734375
887.0,0.05,-307.0,-686.9258862294486,13363.3193359375
888.0,0.05,-581.0,-685.8331677209864,12176.701171875
889.0,0.05,-994.0,-689.8257178008505,8850.41015625
890.0,0.05,-169.0,-685.4729951749683,11853.8173828125
891.0,0.05,-262.0,-681.183818514188,10984.75
892.0,0.05,-1856.0,-693.8216287470019,6545.3837890625
893.0,0.05,-1346.0,-704.4671769985983,6478.7236328125
894.0,0.05,-3000.0,-728.7880841591982,5496.220703125
895.0,0.05,-408.0,-726.7796061016627,8106.73828125
896.0,0.05,-154.0,-722.864413050593,11469.943359375
897.0,0.05,-437.0,-722.3694715251324,13710.5546875
898.0,0.05,-392.0,-724.8685162370633,13583.1220703125
899.0,0.05,-670.0,-726.486387339526,9711.58984375
900.0,0.05,-213.0,-723.9570135865545,11457.748046875
901.0,0.05,-1404.0,-735.0812652102254,8470.8564453125
902.0,0.05,-311.0,-732.5255641285083,10122.4208984375
903.0,0.05,-73.0,-729.0289710813726,11922.8974609375
904.0,0.05,-91.0,-722.1188939743041,12530.853515625
905.0,0.05,-440.0,-724.7242678625694,7225.8544921875
906.0,0.05,-53.0,-718.5460024811297,10179.8037109375
907.0,0.05,-291.0,-716.6196071991029,6837.31298828125
908.0,0.05,-90.0,-714.800961395684,10106.4921875
909.0,0.05,-14.0,-699.9194302127391,9215.017578125
910.0,0.05,-44.0,-681.2206714239342,10446.6669921875
911.0,0.05,-37.0,-679.8620239565521,10029.5966796875
912.0,0.05,-482.0,-674.265828157271,1623.946044921875
913.0,0.05,-45.0,-655.4890737127656,9312.2373046875
914.0,0.05,-28.0,-652.677902531819,8551.4072265625
915.0,0.05,-57.0,-646.6925048614174,9048.2939453125
916.0,0.05,-457.0,-642.288290293743,10742.0048828125
917.0,0.05,-314.0,-635.8592435405712,7736.70361328125
918.0,0.05,-441.0,-623.9159102491424,8450.3583984375
919.0,0.05,-444.0,-622.0614277274179,9180.3642578125
920.0,0.05,-312.0,-623.8771006527451,7435.32275390625
921.0,0.05,-449.0,-623.3884630964405,4892.658203125
922.0,0.05,-495.0,-614.0741911939132,8198.787109375
923.0,0.05,-339.0,-613.0331440375724,6493.02734375
924.0,0.05,-429.0,-605.0822626365944,7760.22412109375
925.0,0.05,-273.0,-590.453439645692,6251.80322265625
926.0,0.05,-422.0,-588.0672742522137,7909.1884765625
927.0,0.05,-403.0,-569.9045208959088,7192.5244140625
928.0,0.05,-477.0,-566.9709631591481,7181.1162109375
929.0,0.05,-467.0,-563.2693895103736,6998.3515625
930.0,0.05,-280.0,-559.9422774785414,5489.22998046875
931.0,0.05,-413.0,-557.2675556016011,4945.90771484375
932.0,0.05,-374.0,-547.9933466351629,3783.90869140625
933.0,0.05,-461.0,-544.808524323343,5118.6875
934.0,0.05,-448.0,-543.0392446764336,4556.9296875
935.0,0.05,-460.0,-515.4331277939401,4840.4091796875
936.0,0.05,-463.0,-509.16995999321426,4416.748046875
937.0,0.05,-331.0,-504.02050944619015,2736.2412109375
938.0,0.05,-393.0,-495.76524161060166,3581.84716796875
939.0,0.05,-718.0,-495.5367266466565,1735.042236328125
940.0,0.05,-534.0,-494.8093823225605,4365.5224609375
941.0,0.05,-565.0,-479.94340719859525,1735.1070556640625
942.0,0.05,-613.0,-470.2959939902489,2258.56005859375
943.0,0.05,-656.0,-466.82301676331156,3334.415771484375
944.0,0.05,-375.0,-458.20785569076895,5249.3916015625
945.0,0.05,-563.0,-463.041842039674,5577.10400390625
946.0,0.05,-325.0,-455.82891101855245,4557.98193359375
947.0,0.05,-461.0,-459.52328834677166,238.46255493164062
948.0,0.05,-622.0,-465.20101798467016,4661.365234375
949.0,0.05,-579.0,-451.38560250983187,5654.58251953125
950.0,0.05,-643.0,-442.2502952647939,5961.88134765625
951.0,0.05,-689.0,-447.62860541986845,5063.7255859375
952.0,0.05,-636.0,-453.5430847407295,5270.564453125
953.0,0.05,-656.0,-458.9389968252579,5872.03125
954.0,0.05,-583.0,-463.77587504613047,6114.84912109375
955.0,0.05,-450.0,-467.734560949632,4903.84228515625
956.0,0.05,-375.0,-470.9872239958812,4967.6875
957.0,0.05,-597.0,-474.8122005229396,4661.7158203125
958.0,0.05,-414.0,-477.1790850661285,4027.62939453125
959.0,0.05,-457.0,-479.4933070327992,4522.1865234375
960.0,0.05,-645.0,-483.5338672000645,4863.4365234375
961.0,0.05,-343.0,-484.3359141395997,3849.965576171875
962.0,0.05,-170.0,-484.5317268220298,8101.6943359375
963.0,0.05,-174.0,-483.91964413450904,12195.2939453125
964.0,0.05,-390.0,-484.961364758598,5590.01318359375
965.0,0.05,-299.0,-485.63897256771,9026.2509765625
966.0,0.05,-548.0,-488.93284779557666,8748.54296875
967.0,0.05,-360.0,-490.1627205807189,12511.029296875
968.0,0.05,-178.0,-489.3682269067956,6319.4775390625
969.0,0.05,-257.0,-489.5471681365514,12908.0810546875
970.0,0.05,-884.0,-494.16042145167427,8115.85693359375
971.0,0.05,-1086.0,-503.57535083849206,7369.54736328125
972.0,0.05,-340.0,-505.6857539376981,11391.5615234375
973.0,0.05,-293.0,-505.1496242112282,13037.2529296875
974.0,0.05,-340.0,-502.5534291986488,12306.0517578125
975.0,0.05,-236.0,-499.03349057910594,13049.953125
976.0,0.05,-343.0,-499.1376280808906,13222.841796875
977.0,0.05,-386.0,-496.54679236485777,12312.697265625
978.0,0.05,-335.0,-493.76765262697234,10970.849609375
979.0,0.05,-338.0,-493.24194943264854,10126.4248046875
980.0,0.05,-283.0,-492.0951059255314,11198.0888671875
981.0,0.05,-369.0,-482.3300327342939,11899.025390625
982.0,0.05,-324.0,-478.0642088202815,11889.248046875
983.0,0.05,-335.0,-478.5302942954055,11870.0107421875
984.0,0.05,-255.0,-468.6694451767567,11021.802734375
985.0,0.05,-329.0,-464.0766314566097,8352.5107421875
986.0,0.05,-597.0,-455.9505640890708,6758.7509765625
987.0,0.05,-326.0,-456.1391794390628,10649.1806640625
988.0,0.05,-373.0,-454.06352592265335,10282.4697265625
989.0,0.05,-294.0,-447.06581171329304,7845.7763671875
990.0,0.05,-363.0,-448.99888638084497,10016.9267578125
991.0,0.05,-409.0,-450.46231030205627,9216.4453125
992.0,0.05,-1033.0,-442.227865228312,6192.00830078125
993.0,0.05,-1074.0,-439.5086154983608,3685.228759765625
994.0,0.05,-413.0,-413.63930574778425,8578.4736328125
995.0,0.05,-351.0,-413.0730597516371,8932.4111328125
996.0,0.05,-460.0,-416.12505256754,8403.873046875
997.0,0.05,-432.0,-416.08316243486667,7540.001953125
998.0,0.05,-455.0,-416.71283892884037,6488.56396484375
999.0,0.05,-701.0,-417.0238003942227,7390.029296875
